-1.25460 -4.20279 0.00000
4.50714 5.98459 0.00000
2.31994 3.74685 0.00000
0.98658 3.68597 0.00000
-3.43981 -6.45144 0.00000
-3.44005 -9.37159 0.00000
-4.41916 -8.49197 0.00000
3.66176 8.09416 0.00000
1.01115 0.25459 0.00000
2.08073 4.46890 0.00000
-4.79416 -9.47189 0.00000
4.69910 7.11226 0.00000
3.32443 7.36443 0.00000
-2.87661 -4.63165 0.00000
-3.18175 -4.19740 0.00000
-3.16595 -4.22431 0.00000
-1.95758 -6.67049 0.00000
0.24756 -1.38052 0.00000
-0.68055 -0.33103 0.00000
-2.08771 -3.14785 0.00000
1.11853 3.26715 0.00000
-3.60506 0.49534 0.00000
-2.07855 -3.01533 0.00000
-1.33638 -0.40163 0.00000
-0.43930 1.02940 0.00000
2.85176 7.00630 0.00000
-3.00326 -6.63706 0.00000
0.14234 1.80263 0.00000
0.92415 0.30264 0.00000
-4.53550 -9.54463 0.00000
1.07545 1.18017 0.00000
-3.29476 -6.42577 0.00000
-4.34948 -4.06965 0.00000
4.48886 5.24318 0.00000
4.65632 10.68516 0.00000
3.08397 2.94252 0.00000
-1.95386 -4.85159 0.00000
-4.02328 -5.86866 0.00000
1.84233 3.81322 0.00000
-0.59848 -3.35244 0.00000
-3.77962 -8.98984 0.00000
-0.04823 1.26273 0.00000
-4.65611 -10.77296 0.00000
4.09320 8.61933 0.00000
-2.41220 -4.73326 0.00000
1.62522 1.94724 0.00000
-1.88289 0.52211 0.00000
0.20068 1.66920 0.00000
0.46710 -3.11608 0.00000
-3.15146 -5.93000 0.00000
4.69585 8.06812 0.00000
2.75133 7.20752 0.00000
4.39499 7.20494 0.00000
3.94827 7.66707 0.00000
0.97900 2.96797 0.00000
4.21874 10.16900 0.00000
-4.11507 -10.63074 0.00000
-3.04017 -6.74935 0.00000
-4.54773 -10.04534 0.00000
-1.74670 -4.80005 0.00000
-1.11323 1.30445 0.00000
-2.28651 -3.76306 0.00000
3.28738 4.05298 0.00000
-1.43247 -1.02921 0.00000
-2.19065 -0.13700 0.00000
0.42696 2.91885 0.00000
-3.59076 -10.22026 0.00000
3.02197 5.07547 0.00000
-4.25449 -5.97516 0.00000
4.86887 8.32240 0.00000
2.72245 6.33253 0.00000
-3.01284 -4.47642 0.00000
-4.94478 -11.74342 0.00000
3.15461 6.19018 0.00000
2.06857 -2.34539 0.00000
2.29007 2.53137 0.00000
2.71270 4.92027 0.00000
-4.25955 -11.01467 0.00000
-1.41534 0.43414 0.00000
-3.84131 -10.54290 0.00000
3.63103 6.38198 0.00000
1.23298 2.72744 0.00000
-1.69102 -0.49949 0.00000
-4.36442 -11.60056 0.00000
-1.89018 -1.45403 0.00000
-1.74817 -3.47587 0.00000
2.29606 2.62911 0.00000
1.37557 3.67536 0.00000
3.87213 8.14237 0.00000
-0.27785 -1.75614 0.00000
-3.80406 -7.46851 0.00000
2.13245 3.49427 0.00000
2.60785 5.44274 0.00000
0.61277 2.54981 0.00000
2.70967 8.59138 0.00000
-0.06204 -2.59972 0.00000
0.22733 4.72072 0.00000
-0.72459 -5.35336 0.00000
-4.74581 -9.79519 0.00000
-3.92109 -6.66554 0.00000
-4.68571 -8.80943 0.00000
1.36410 1.48281 0.00000
-1.85644 -4.12912 0.00000
0.08571 -0.81459 0.00000
4.07566 6.97260 0.00000
-2.50708 -3.31495 0.00000
-0.89617 -1.07831 0.00000
2.55551 3.72520 0.00000
-2.71202 -3.62484 0.00000
-4.23020 -7.84580 0.00000
-2.10249 -2.57925 0.00000
-3.38779 -5.51632 0.00000
4.29698 6.93596 0.00000
3.08120 5.04205 0.00000
1.33404 4.16266 0.00000
3.71461 8.64995 0.00000
3.03672 6.03164 0.00000
-3.13430 -6.03394 0.00000
3.92559 10.40651 0.00000
0.39342 -0.39630 0.00000
3.07440 7.24300 0.00000
3.96091 7.51744 0.00000
-1.81997 -4.07529 0.00000
-3.89948 -5.60141 0.00000
-2.72065 -3.79046 0.00000
-0.72892 0.16918 0.00000
3.18015 8.97125 0.00000
3.60731 7.25662 0.00000
-4.93048 -8.49705 0.00000
0.10747 -0.40559 0.00000
-0.82589 -1.00345 0.00000
-2.77892 -5.81813 0.00000
-3.80135 -7.40870 0.00000
-1.62385 -2.05738 0.00000
4.42910 7.22175 0.00000
-1.76797 0.64883 0.00000
0.18791 -1.63622 0.00000
2.03019 1.63200 0.00000
-1.36370 -0.41119 0.00000
4.71782 11.01897 0.00000
4.62447 10.49719 0.00000
-2.48218 -3.70766 0.00000
-0.02751 -0.07952 0.00000
-1.99122 -5.77694 0.00000
-2.15160 -4.15158 0.00000
-4.63113 -10.61658 0.00000
1.09564 4.14153 0.00000
0.02679 -0.24053 0.00000
-4.48521 -10.62142 0.00000
-2.21354 -5.06984 0.00000
4.08266 8.99118 0.00000
-2.60438 -6.33621 0.00000
-3.55105 -8.74654 0.00000
-0.10547 0.27643 0.00000
4.85650 10.20294 0.00000
-2.57945 -6.17278 0.00000
1.72136 2.50063 0.00000
2.61620 5.69649 0.00000
-2.62362 -8.14342 0.00000
2.28216 1.74940 0.00000
-1.32217 -4.08123 0.00000
1.32306 2.21922 0.00000
1.33530 3.29241 0.00000
0.35775 3.66621 0.00000
-4.09710 -6.47889 0.00000
3.35302 6.38617 0.00000
-1.79220 -3.62243 0.00000
-3.13481 -8.27469 0.00000
-4.59225 -9.22152 0.00000
0.90893 1.24054 0.00000
1.77564 4.19672 0.00000
-4.83412 -11.32271 0.00000
0.12093 1.28055 0.00000
-2.73504 -2.40461 0.00000
1.45173 2.68594 0.00000
-3.25634 -5.70925 0.00000
1.90938 5.19904 0.00000
-1.13265 -3.06773 0.00000
4.36730 9.18278 0.00000
-3.62479 -7.22440 0.00000
-1.58934 -2.98332 0.00000
-3.86526 -9.27655 0.00000
4.24694 8.54289 0.00000
3.77339 8.54278 0.00000
-2.42058 -1.93888 0.00000
1.59984 5.11822 0.00000
3.17222 10.65081 0.00000
0.55201 -0.43068 0.00000
0.29651 2.33765 0.00000
-2.58148 -4.79627 0.00000
-4.06897 -3.75834 0.00000
3.97216 6.32772 0.00000
4.00418 6.32892 0.00000
1.33101 1.46324 0.00000
-1.60970 -7.46720 0.00000
-1.50790 -4.06732 0.00000
2.25956 3.00085 0.00000
3.97110 8.24299 0.00000
3.87086 8.42524 0.00000
2.79876 9.34985 0.00000
1.42032 4.74148 0.00000
-4.15860 -9.47101 0.00000
-3.38371 -8.56426 0.00000
3.98554 8.95492 0.00000
1.06429 -0.51189 0.00000
-4.90803 -6.15314 0.00000
-3.98528 -5.61169 0.00000
1.63502 2.33168 0.00000
-4.94938 -13.32504 0.00000
-3.39192 -4.07609 0.00000
0.48734 0.74560 0.00000
1.91895 6.31354 0.00000
1.51961 -0.14963 0.00000
-2.75731 -6.71336 0.00000
2.12179 4.25407 0.00000
-2.62751 -5.16106 0.00000
-1.74600 -4.39214 0.00000
2.46491 6.17553 0.00000
1.49633 0.85742 0.00000
3.49223 6.69971 0.00000
1.57613 3.39285 0.00000
0.68309 2.39505 0.00000
-4.06325 -6.70327 0.00000
-1.32284 -4.89497 0.00000
-2.34798 -7.76418 0.00000
-2.56010 -2.56485 0.00000
4.73011 10.12484 0.00000
-1.06902 -3.63502 0.00000
3.92047 10.94324 0.00000
1.31139 2.85412 0.00000
2.94811 8.25482 0.00000
0.02637 0.18778 0.00000
0.76904 5.65957 0.00000
-0.07482 3.36104 0.00000
-3.04757 -6.59307 0.00000
2.22452 6.39218 0.00000
-2.19228 -3.09380 0.00000
-4.75684 -6.77642 0.00000
1.45472 0.97960 0.00000
-3.22889 -5.08568 0.00000
4.40459 10.92602 0.00000
4.53929 5.56109 0.00000
4.14864 5.93077 0.00000
-1.29841 -6.67529 0.00000
-4.84543 -10.22968 0.00000
4.28319 10.00146 0.00000
-0.71816 1.56840 0.00000
4.66655 9.48129 0.00000
4.63620 12.52963 0.00000
3.53009 4.29999 0.00000
3.62364 18.89362 1.00000
4.49521 19.13705 1.00000
-3.52927 0.36155 1.00000
4.26588 15.94159 1.00000
-0.07884 9.17076 1.00000
-2.41756 8.50293 1.00000
-0.40864 8.66353 1.00000
4.80033 16.59437 1.00000
-0.07382 9.36088 1.00000
-1.71248 6.02959 1.00000
1.33401 7.27424 1.00000
-2.59854 4.69432 1.00000
-4.24137 1.05540 1.00000
-3.71120 3.97001 1.00000
-3.71954 6.25883 1.00000
-3.48097 5.29118 1.00000
-3.61173 2.23877 1.00000
1.40875 10.60444 1.00000
-3.18120 8.78432 1.00000
-1.54333 7.03178 1.00000
3.96788 17.96363 1.00000
-0.26038 9.43098 1.00000
1.67558 13.74732 1.00000
-3.27680 3.15768 1.00000
-3.07711 2.69846 1.00000
-4.59131 -0.27635 1.00000
-3.31065 3.31319 1.00000
-2.21410 4.48496 1.00000
-3.22990 2.11452 1.00000
-4.11297 1.98691 1.00000
-3.79364 1.90276 1.00000
-0.39221 12.22356 1.00000
-2.93666 -1.17527 1.00000
-1.35730 9.46841 1.00000
0.03417 12.56052 1.00000
1.90395 9.66112 1.00000
-4.60688 0.10087 1.00000
2.99410 15.24533 1.00000
1.27900 9.74298 1.00000
-4.18241 0.07955 1.00000
3.73579 15.25042 1.00000
4.20872 21.92199 1.00000
-4.38922 3.09292 1.00000
-2.23122 8.08066 1.00000
3.06201 17.56737 1.00000
2.48260 12.70709 1.00000
-3.15479 2.64138 1.00000
-2.90651 5.16574 1.00000
-1.29528 4.96519 1.00000
-0.15477 11.11646 1.00000
1.18255 11.88444 1.00000
-1.31086 6.62863 1.00000
-0.37465 10.67261 1.00000
2.47471 15.83795 1.00000
-4.63317 0.01173 1.00000
-2.47563 7.36740 1.00000
2.13350 12.10487 1.00000
3.95207 19.13601 1.00000
0.11677 11.41975 1.00000
0.32113 10.02318 1.00000
-3.92828 2.79571 1.00000
-0.52588 6.44602 1.00000
0.32617 12.50040 1.00000
-2.57529 4.47961 1.00000
-2.30757 4.33942 1.00000
-1.22716 9.64370 1.00000
-4.79929 -1.00726 1.00000
-1.77921 3.62466 1.00000
-2.88552 1.11570 1.00000
-1.72503 7.76197 1.00000
-3.80238 -0.16562 1.00000
3.90527 21.32013 1.00000
0.93592 7.70799 1.00000
1.79102 16.97496 1.00000
2.89171 16.20546 1.00000
-0.01558 9.77542 1.00000
-4.13080 0.64857 1.00000
0.37107 11.54040 1.00000
0.86841 11.66155 1.00000
2.45439 17.11539 1.00000
-0.68340 8.86165 1.00000
-3.72420 2.85221 1.00000
-2.16224 4.94829 1.00000
-1.36918 7.14775 1.00000
1.45917 13.53395 1.00000
0.70778 7.99523 1.00000
-1.43903 4.42556 1.00000
4.86515 21.21683 1.00000
1.05775 12.45723 1.00000
-2.62773 4.37657 1.00000
-3.98218 2.07252 1.00000
-3.47141 3.75235 1.00000
-2.54042 3.83964 1.00000
-3.39319 1.65702 1.00000
-3.13433 4.12303 1.00000
-2.14905 3.74516 1.00000
-3.26626 4.28398 1.00000
3.96765 14.53014 1.00000
-4.19766 3.66299 1.00000
0.24511 11.43542 1.00000
-0.89603 8.72000 1.00000
4.82379 21.61295 1.00000
-3.87961 5.57173 1.00000
-1.02144 9.98585 1.00000
4.69470 15.70766 1.00000
3.65507 14.75099 1.00000
3.17072 15.09180 1.00000
-2.42097 5.21024 1.00000
-3.29112 4.45307 1.00000
1.68643 11.92138 1.00000
4.29376 18.96105 1.00000
0.56763 9.62449 1.00000
0.71613 10.20922 1.00000
-2.20021 2.78626 1.00000
2.69493 13.54339 1.00000
-3.12956 1.03751 1.00000
-1.76321 4.52184 1.00000
-0.74564 10.61601 1.00000
0.07610 8.25341 1.00000
-2.57590 10.11296 1.00000
-3.85163 3.28337 1.00000
1.10620 12.58207 1.00000
-2.11369 4.05590 1.00000
0.81238 13.02538 1.00000
-3.45637 1.93598 1.00000
-0.18860 9.86682 1.00000
0.32589 15.77196 1.00000
-4.48176 0.84435 1.00000
-1.63396 9.03063 1.00000
-3.65585 1.28194 1.00000
-4.36625 1.19752 1.00000
4.89960 23.34081 1.00000
-1.77646 5.19314 1.00000
3.09874 19.82239 1.00000
-2.45359 6.50832 1.00000
1.81503 12.50512 1.00000
2.60228 16.46937 1.00000
0.95639 13.85788 1.00000
-0.28424 10.67514 1.00000
-0.88159 5.09637 1.00000
-1.51132 5.52309 1.00000
4.29529 18.09555 1.00000
3.30619 16.46352 1.00000
4.65027 20.54188 1.00000
-3.75703 2.84135 1.00000
2.30867 11.94666 1.00000
4.38340 19.52720 1.00000
-3.18767 4.84583 1.00000
-4.33504 2.44951 1.00000
2.41121 16.98397 1.00000
0.74473 13.15731 1.00000
3.41829 17.75494 1.00000
-3.60228 2.65512 1.00000
2.95267 12.58342 1.00000
-2.98373 4.89178 1.00000
-3.36344 3.68849 1.00000
-3.35734 3.82847 1.00000
3.14575 13.73800 1.00000
1.65197 11.14183 1.00000
0.23065 12.56761 1.00000
-1.41170 7.09750 1.00000
3.77201 18.90701 1.00000
-1.07555 7.90554 1.00000
3.16599 16.39150 1.00000
-0.60865 10.65927 1.00000
-1.23056 6.50680 1.00000
-0.37320 9.44584 1.00000
-1.98622 5.10301 1.00000
2.47609 14.08320 1.00000
0.02720 9.43606 1.00000
-2.67787 5.08852 1.00000
3.99575 17.03399 1.00000
-1.16109 10.18934 1.00000
0.43553 9.08184 1.00000
4.06472 17.75570 1.00000
1.24238 11.60530 1.00000
-3.83102 5.23192 1.00000
4.39832 19.18975 1.00000
1.27708 14.61785 1.00000
-1.65094 3.72699 1.00000
-3.60728 3.31954 1.00000
2.94025 17.65977 1.00000
1.20073 12.56602 1.00000
0.33461 12.80018 1.00000
3.93893 16.84327 1.00000
2.88597 18.59064 1.00000
-3.48325 7.63129 1.00000
-1.88278 5.50876 1.00000
-2.51511 4.07878 1.00000
2.43946 17.78569 1.00000
-4.66468 3.82979 1.00000
0.69890 10.35207 1.00000
2.62459 14.40880 1.00000
3.76766 16.97174 1.00000
-1.57918 4.15273 1.00000
3.21257 14.58784 1.00000
-3.89368 0.20435 1.00000
3.46452 15.39345 1.00000
-3.72511 2.48040 1.00000
-1.02713 8.41418 1.00000
2.97295 19.04691 1.00000
-3.50083 1.00164 1.00000
-2.70749 6.55367 1.00000
2.22253 14.01707 1.00000
2.20037 14.30180 1.00000
1.41148 14.17259 1.00000
1.93948 11.63352 1.00000
0.42724 11.61931 1.00000
-2.48201 5.36889 1.00000
-1.54304 7.89882 1.00000
-3.18402 4.21029 1.00000
4.08451 23.07961 1.00000
0.83392 10.39236 1.00000
-0.99149 6.95503 1.00000
-0.37994 7.99384 1.00000
4.47283 17.83471 1.00000
-3.46649 1.79225 1.00000
0.86230 14.10263 1.00000
0.05889 12.95878 1.00000
1.11454 11.08759 1.00000
-4.81890 -1.30251 1.00000
3.72124 18.38531 1.00000
4.32118 17.53792 1.00000
0.65133 12.56853 1.00000
1.96651 14.33886 1.00000
4.22499 15.41850 1.00000
2.07239 17.23978 1.00000
-3.47461 6.64254 1.00000
0.76288 10.30019 1.00000
1.06715 11.35890 1.00000
-0.75869 9.05434 1.00000
2.36444 15.39780 1.00000
4.34367 20.00443 1.00000
4.25569 22.53178 1.00000
-0.49161 8.66289 1.00000
-3.86762 0.66817 1.00000
4.84841 16.93819 1.00000
3.38898 15.31610 1.00000
-3.75337 2.42700 1.00000
4.20842 22.00595 1.00000
3.69896 16.36270 1.00000
0.18838 10.82434 1.00000
0.91275 11.79266 1.00000
-1.00997 10.35684 1.00000
-4.45238 6.14910 1.00000
-1.64803 5.64221 1.00000
3.02853 15.07819 1.00000
-4.95368 2.18096 1.00000
-1.66501 8.03377 1.00000
-1.01831 11.65679 1.00000
